:::1:::
Rat
0
 5 5 5 5 5
 1 0 1000
 0 0 0
 0
 100
-1 -1 -1 -1 -1 -1 -1 -1 -1 -1 -1 -1 
fin >> strength >> agility >> intelligence >> endurance >> luck;
:::2:::
Goblin
2
 10 8 5 11 10 
 2 0 1000
 0 0 0
 0
 100
-1 -1 -1 -1 -1 -1 -1 -1 -1 -1 -1 -1 

:::3:::
Cobold
2
 9 15 8 9 10 
 3 0 1000
 0 0 0
 0
 100
-1 -1 -1 -1 -1 -1 -1 -1 -1 -1 -1 -1 

:::4:::
Gnol
1
 13 20 10 17 13 
 4 0 1000
 0 0 0
 0
 100
-1 -1 -1 -1 -1 -1 -1 -1 -1 -1 -1 -1 

:::5:::
Tim
2
 20 20 20 20 20 
 666 0 1000
 0 0 0
 0
 100
-1 -1 -1 -1 -1 -1 -1 -1 -1 -1 -1 -1 